3.728594
3.365288
3.259724
2.496140
2.540700
2.516703
1.972338
3.076557
3.015993
3.156457
3.155031
3.424259
2.632154
2.575389
2.735400
2.705639
3.607816
3.599340
3.331005
2.035483
3.842894
3.152617
2.602144
3.148971
2.728510
3.344959
3.015733
3.032015
3.185375
3.653099
3.201784
3.236892
3.450603
4.076859
4.210916
3.681810
4.383641
3.526205
3.496176
3.694397
4.360163
4.515262
3.658333
3.579462
4.296493
3.685777
4.050594
3.778239
4.683688
3.270553
3.835391
4.293186
3.882992
3.390824
3.773232
3.475534
3.354330
3.305124
3.065639
3.417258
3.848952
4.066597
2.352099
2.699895
3.821534
3.616463
1.265694
2.875590
2.722639
2.747658
2.866992
3.366992
3.572517
2.710758
2.211352
3.221665
3.221794
3.291105
3.229081
3.419034
1.385117
2.101451
2.554229
3.235946
2.864883
2.840906
2.206462
3.425095
3.158578
2.289670
3.108962
2.683033
2.942177
2.883173
2.845445
3.340681
2.334780
2.186403
2.581411
2.532279
2.840658
2.755232
2.114568
3.530353
2.528790
2.570535
3.118502
3.462738
3.368164
2.937682
3.298527
4.227593
2.278614
3.197139
2.316916
3.508189
2.637717
3.361813
3.337303
3.437133
3.679185
2.684450
2.738906
3.087156
2.943193
3.527234
2.608030
2.084959
2.633123
3.209494
2.558598
3.241890
2.810523
3.027404
3.226750
3.325592
2.754207
2.579942
3.597577
2.737218
2.952680
2.168323
3.040154
3.082409
2.624140
2.290562
2.678637
3.013613
3.458641
2.283417
2.537411
3.106931
3.741611
2.438936
2.972533
3.557682
3.701470
3.874758
3.355830
3.222438
3.220464
2.353389
2.506850
2.050006
2.384542
3.937051
3.787105
4.045548
3.374304
2.013007
2.136963
1.251588
3.547899
2.761801
3.355633
3.503411
3.370873
2.574384
2.131134
2.306384
2.105136
3.400030
3.666977
3.008879
3.160702
3.085862
3.325560
3.450509
2.361840
2.641968
2.619226
3.468840
4.106403
4.237592
3.488471
4.087152
3.766550
3.612769
2.810954
3.702072
3.404523
3.215826
3.492276
3.688361
3.635698
3.573988
3.956694
3.605231
3.917669
3.416739
2.718501
3.049738
3.213341
3.104992
3.712323
3.826540
3.657660
3.583394
3.226905
3.585405
2.821623
1.249713
3.273245
3.076893
3.226918
2.664519
2.879730
3.527955
3.426109
2.637907
3.261037
2.981152
3.708110
2.253852
2.759516
3.219049
2.818063
2.826467
3.377992
2.540042
3.182515
2.462656
2.768375
3.234604
3.505575
3.576037
2.853714
2.907868
3.284131
3.048230
2.713031
2.994281
3.109112
3.053195
3.611518
1.425288
2.596507
2.417438
2.884199
3.091083
2.250258
1.567525
2.970468
2.802956
2.903557
3.533619
3.316654
3.285099
3.554095
3.034019
2.635979
3.444645
3.167397
3.645636
3.096905
2.897369
2.344920
3.731265
3.498350
2.657621
3.380715
3.252665
3.397994
2.891392
3.330044
4.038427
3.963096
2.848909
1.905948
1.922792
2.680614
3.681119
1.357244
1.853280
1.925137
2.798331
3.255790
3.506143
2.743434
3.487464
3.375383
2.443880
2.976268
3.209857
2.993340
3.039544
2.874506
2.872708
3.176124
3.186516
3.674435
3.355365
2.935710
1.990103
2.633188
2.825818
2.603478
2.851902
2.367486
3.009820
3.153479
3.066082
2.889567
3.622665
3.278268
3.113704
3.645155
3.949110
4.089809
2.890509
3.953267
2.812325
2.478038
2.844134
2.697421
3.039680
3.293688
2.773514
2.975940
3.225698
2.302081
2.455665
2.374795
2.332077
2.143911
2.558705
2.610961
2.205486
2.722258
2.637477
2.825593
3.725772
3.011374
3.204142
2.827735
3.152209
3.330457
3.101176
3.411121
3.015057
4.069738
3.037468
3.553475
2.800544
3.691368
3.854174
3.478526
2.841702
2.537629
2.443444
1.926250
2.465245
3.271021
2.872283
2.686996
3.456680
2.623650
2.900666
3.588726
3.683299
3.017456
3.443795
3.478680
3.284223
3.547446
2.939904
2.413376
3.834006
3.918425
3.329461
3.204438
3.994550
3.383864
4.123691
1.945312
3.087953
2.326935
2.996560
3.334223
2.097189
2.290436
2.033310
3.474425
4.536204
3.255546
3.727496
3.136080
3.755772
3.604838
3.628415
2.991694
2.034041
3.167512
3.143947
3.677391
2.468736
2.958348
2.460712
3.492374
3.132102
3.252615
3.069806
3.787842
3.237108
4.805117
2.531857
3.537266
3.287598
2.273660
2.514211
3.541485
3.249976
3.312823
2.892856
2.428660
2.419374
2.601490
2.225259
2.665370
3.287508
3.554648
3.842539
3.892998
3.044370
4.212355
4.030027
2.274104
4.430883
3.985439
2.463555
2.437702
2.771245
2.846243
3.228444
3.507129
3.153022
3.592958
3.524714
3.363013
2.136242
2.146830
2.085386
3.407450
3.498579
2.704020
3.356380
3.316421
3.367899
3.929519
3.366453
3.767997
3.667187
3.824388
3.369067
3.993915
3.416961
2.435244
2.405695
2.467659
2.432626
2.787872
3.766149
2.083374
3.643924
2.563774
3.500806
3.223575
2.684453
2.518161
2.860144
3.489485
3.350540
3.298323
3.768348
3.444523
3.229623
3.285941
3.466953
3.021326
3.292251
3.421774
2.623407
3.050884
3.350883
3.307005
2.321768
3.100092
3.139638
3.178898
3.441379
3.420948
2.778785
3.514349
2.773121
3.658628
3.223931
3.145191
1.746157
2.961109
2.698277
2.644939
3.104648
3.468256
2.793376
2.046280
3.491070
2.915089
2.888267
3.186642
3.686291
3.388917
2.857705
3.774463
3.393370
3.804071
3.464222
3.982627
3.448900
3.968233
3.369662
3.473334
2.847337
1.936113
3.020623
3.131692
2.694094
3.228672
3.480304
3.142105
3.285656
3.018260
3.199008
2.521279
3.150792
3.294683
2.913281
3.260052
2.936945
3.219280
3.120718
3.809927
2.759951
2.535666
2.501471
2.449949
3.496329
3.239233
2.758001
3.373386
3.423048
3.056305
2.981008
3.059324
3.185587
2.770805
2.843691
3.261647
2.590730
2.959482
1.668660
3.532001
3.397762
3.124933
3.769883
4.348288
3.702667
3.218928
3.916516
3.647984
3.110835
1.646780
2.872795
2.368084
2.698249
2.985423
2.817692
3.272700
3.613492
3.366267
2.205518
2.336592
2.993733
2.520424
2.441741
2.643357
2.580699
2.635245
2.275592
3.354239
3.073779
3.032534
2.504102
3.148220
3.371039
3.182632
3.317389
3.566165
3.616315
3.374914
3.232947
2.597542
2.969425
3.203223
3.387154
3.730904
3.723937
3.962524
4.139840
3.062433
2.785582
2.797229
2.901602
2.810082
3.784024
2.399201
2.403228
2.830101
1.579377
2.575234
3.217466
2.559072
3.060295
2.125923
3.240148
2.880134
2.657326
2.910545
2.651162
2.740642
2.376331
2.276603
2.709795
2.762072
2.386907
2.569751
3.092398
3.107919
2.460955
2.424395
2.545357
2.699404
3.036544
2.680839
3.198473
3.607911
3.577150
3.561917
3.740794
3.000865
2.704433
2.676309
2.631303
3.128500
3.093418
2.268271
3.337359
3.740498
1.623424
2.932351
3.514115
3.025833
3.190161
2.361482
2.374953
3.793058
3.437661
3.132846
3.079348
3.084205
3.538863
3.128535
3.064817
2.223364
3.003236
3.134761
3.498649
3.971846
3.460925
3.615132
2.878278
2.919851
2.537573
2.504860
3.186666
3.554793
3.459252
2.998237
2.935050
3.068965
3.362886
3.218186
2.680393
2.769091
2.723012
3.627454
3.474454
3.081506
3.086893
3.029583
3.050181
2.743163
2.763171
3.594118
2.495076
2.451617
2.758355
2.974708
2.785646
3.523361
2.511274
2.804161
2.769012
3.062150
3.100589
3.034926
2.601352
2.591358
2.836228
3.088817
1.762842
2.868840
2.314059
2.668002
3.844923
3.380065
3.895585
3.190154
3.355581
3.471572
3.390637
3.074226
2.999904
3.152759
4.058794
3.547142
2.518735
3.844202
3.468032
3.251439
3.240752
3.250344
3.924110
3.108789
3.776746
2.795637
2.380333
2.623077
2.539066
3.261523
3.331766
2.934304
3.150090
2.985264
2.990243
3.150524
3.332656
3.391924
3.410873
3.279639
3.452837
3.494043
3.771911
3.869420
2.741379
3.832750
3.023848
2.997823
3.524435
3.582271
3.234466
3.212533
2.646162
3.314291
2.668143
2.568835
1.870353
2.512564
3.407542
3.587980
3.681809
3.258892
3.727650
2.328252
3.234555
3.355364
3.426415
3.478468
2.128419
3.254685
3.341785
3.281709
3.354216
2.068869
3.026678
2.567802
3.582266
4.155139
4.317347
3.958217
4.008624
4.258325
3.488775
3.475727
2.963171
2.515820
3.362077
3.254717
3.908781
3.799468
3.478495
2.884117
3.390477
3.273281
3.333464
2.898113
2.636611
2.682589
2.697676
2.824814
3.478139
4.312616
3.715384
3.907771
3.473172
3.872656
3.219024
2.856238
2.470090
3.104812
3.076349
2.999129
3.587775
3.536511
3.009601
3.465772
3.047133
3.382372
3.041275
3.695647
3.178827
3.592487
2.629881
1.174249
2.827686
2.809859
2.530054
3.439034
2.831476
2.848433
3.120557
2.722471
3.470001
2.780513
3.515398
2.924482
4.620309
3.971509
3.781592
4.532022
3.496900
3.516153
3.793973
3.411817
3.227932
2.906888
3.014759
3.330637
2.560330
2.486529
3.125284
2.547134
2.379105
2.295624
3.052212
3.387409
3.095489
2.455148
2.687461
1.839148
2.971850
3.311248
3.137347
2.886262
3.419865
2.860616
3.727702
2.836303
3.434969
3.219930
2.601701
3.237454
3.744082
3.734990
3.365618
3.769292
3.495187
3.640558
3.408249
2.605801
2.548540
4.079114
3.835371
3.911884
2.428883
3.007745
2.987025
3.126834
3.351998
3.021305
2.538441
3.499148
3.158427
2.339077
3.311509
4.029011
3.753061
2.024308
3.358928
3.446605
2.710432
2.979112
3.091730
2.861319
2.690446
2.303018
3.042606
2.479947
3.238493
2.636295
2.580323
2.739107
2.831262
1.856661
2.406681
3.679036
3.946603
3.751352
3.336146
3.361849
3.250011
3.933758
3.968668
1.663954
2.762929
2.111345
2.836895
2.718125
3.375926
3.068617
3.639474
3.695529
3.637388
4.213504
3.401652
3.407912
3.816709
3.724542
3.665255
3.567038
3.386154
4.585034
3.367042
3.639435
3.579412
3.580778
3.507081
3.732040
4.131358
3.181915
3.906631
3.522980
3.401525
3.979677
3.473971
2.707695
2.885527
2.973601
3.407609
2.589929
2.169380
3.530353
3.104079
1.763110
1.258446
2.126771
2.336339
2.333602
2.607936
3.149491
3.790745
3.094357
3.190349
3.817574
4.061790
3.432855
3.198932
2.569809
3.794537
3.441422
3.852336
2.110606
3.700284
3.008467
2.811574
2.543954
3.631413
2.915275
2.401072
2.485088
3.596233
3.091613
3.575649
3.467189
2.937332
2.910734
2.612573
3.834516
2.840373
2.615219
2.256056
2.551037
2.329293
2.475850
3.536890
3.956280
3.527945
4.026906
3.825547
3.467196
3.125287
3.684612
2.909181
3.307206
3.291486
2.782999
2.627474
3.169056
3.184772
2.922097
2.897245
3.215040
2.802882
2.735044
3.091059
2.849442
3.329746
2.606679
3.292933
3.856309
2.150058
2.548559
2.721332
2.752977
2.727654
2.597794
2.892827
2.558942
2.958458
2.119086
2.928717
2.874737
3.323147
2.958642
2.884964
2.913328
2.020730
2.189439
3.318014
2.813402
2.422479
2.615774
3.281049
2.798299
2.454196
3.012697
3.873248
3.187058
3.442953
2.708915
3.068649
2.888487
3.076409
3.472970
3.118316
2.854735
3.332500
3.344797
3.013234
1.535908
1.941110
3.871723
2.987099
2.164038
3.187430
3.862165
3.298526
3.480028
2.890216
3.077425
3.571079
3.936494
3.652940
3.549378
3.472097
3.467147
3.636758
3.465102
3.337281
3.368916
3.177951
3.342222
2.849470
1.429849
3.363225
3.324768
3.167931
3.181727
3.002174
2.955424
2.683128
3.189738
2.855390
2.301233
2.641485
2.463649
2.601634
2.303653
2.849246
2.873334
2.934460
2.023854
3.130902
3.631312
3.795051
3.623446
2.495460
3.067026
3.571476
3.256402
3.450435
2.409722
3.401699
3.185732
3.488722
3.212007
3.071573
2.650115
2.434909
3.141677
2.648355
2.538923
3.924284
3.963849
3.350020
3.223351
2.743251
3.307697
2.928655
2.675567
3.816073
2.969501
3.987600
3.247905
3.434641
3.901659
4.136910
3.652871
3.407372
3.245295
3.292350
3.810373
2.456183
2.672549
3.605500
3.521480
3.833524
3.189350
3.318409
3.800449
2.846756
3.389895
3.401095
2.636733
2.767787
1.328374
1.523723
2.412905
3.175715
3.029654
2.878600
2.984487
3.515426
3.486752
3.429975
3.477208
3.264594
3.286915
3.503418
3.533992
3.427580
3.796858
2.352708
2.586762
3.281723
3.392367
3.299058
3.209517
3.747759
4.208601
4.618602
3.395002
3.072126
3.093225
3.378704
2.814806
2.994749
3.128220
3.494323
3.241676
3.658001
3.737539
3.374341
3.815420
2.821924
2.642113
3.446530
2.431656
2.666248
3.677688
3.101460
3.158456
3.194723
2.983705
3.972357
2.794898
2.746566
3.273789
3.579824
3.390722
2.773501
2.296933
2.578658
2.641779
1.758398
1.531693
2.632804
2.994836
3.861699
2.767908
2.913163
3.384168
3.595339
3.133522
2.612437
3.328996
2.176670
2.365757
2.108499
2.864953
3.151000
2.962569
2.176025
2.253332
2.812344
2.613646
3.337942
2.252740
1.655432
4.206705
2.654140
2.953716
3.107584
3.264751
2.949045
2.570892
3.246408
2.619107
2.696945
3.340110
3.374047
2.430000
2.546690
1.790804
3.583364
2.786596
2.906712
2.827400
3.373341
3.510456
3.395634
3.198458
3.107952
2.574562
3.376657
3.093311
3.109047
3.159827
3.575956
3.213175
3.425490
2.810860
2.809561
3.147520
2.949396
2.942231
3.489404
3.578555
3.018470
2.847690
3.484382
3.904051
3.585027
3.102873
4.516655
3.664739
2.617349
3.414235
3.349837
2.990068
3.113627
3.659452
3.311383
3.488634
3.258013
3.160050
2.527669
2.709251
2.852734
3.201557
2.071889
2.575353
3.233742
3.702981
3.746407
3.334095
2.971211
2.872670
2.303627
3.188593
3.022350
3.298426
3.061003
3.138807
2.617836
1.235034
2.907614
3.478419
2.479841
3.370029
3.717217
3.205596
2.977542
2.422978
2.762241
2.434502
3.505477
3.016778
2.986128
3.025876
3.456179
3.427065
3.363535
3.258245
3.875206
3.485119
2.593967
3.321767
3.010867
3.492544
3.674632
3.454723
3.729779
3.270699
3.396421
2.829355
3.343001
3.235049
2.789293
3.674294
2.740742
3.095532
3.624416
3.430855
2.831346
2.698474
3.653951
3.447721
3.084232
4.125163
3.905319
2.797262
3.735865
3.987722
1.806917
3.187057
2.606476
3.293488
3.019985
2.878680
2.981255
2.957272
3.320215
3.513471
2.950466
3.408764
3.428873
3.297105
3.269348
3.310753
3.293679
3.311333
3.526987
2.892324
3.438843
3.513816
3.635837
3.344854
4.097121
3.954211
3.306603
3.135330
4.252659
2.816811
3.185110
2.552166
2.244920
2.557986
2.392028
2.942584
2.810065
2.497008
2.629251
3.640815
3.378310
2.575280
2.849342
3.139080
4.053638
2.370921
2.245922
1.930926
2.421047
2.949505
2.841509
2.832180
3.486213
3.287279
3.551323
3.469265
4.004293
2.013292
2.093894
2.334771
3.932927
3.632833
3.464550
3.562341
3.437892
2.881104
4.570889
3.747046
3.394331
3.558320
3.632635
3.818319
3.576917
2.824619
3.668977
3.104389
3.169966
3.508060
4.300352
3.534440
3.354761
3.511903
1.952318
3.363705
2.809985
3.221794
3.841547
3.063323
3.483274
3.946110
4.043093
4.353096
3.418619
3.146407
3.260672
3.103022
3.210248
2.738020
3.955593
3.007128
2.560366
2.385839
2.776299
1.786613
3.009029
2.579441
2.771001
2.681259
2.611840
2.897124
1.655752
2.931952
3.830782
3.070077
2.647538
0.694044
3.011359
3.439089
3.547665
3.536310
2.412662
2.961781
3.030731
2.665809
2.849889
2.563156
2.213239
2.917239
3.086797
2.989619
3.144533
3.549449
3.282700
3.301105
3.043490
2.857777
2.660235
3.370273
3.183695
3.045749
3.103680
2.625104
3.416680
3.689189
3.016644
2.796105
3.342231
3.350345
3.386537
3.784034
3.963851
3.761949
4.148626
2.256573
2.538345
2.749599
2.719121
3.012198
2.076370
2.653666
2.730685
2.868300
2.743197
3.186143
2.637743
3.115972
3.572497
3.339637
2.895628
3.579113
3.777357
2.793027
3.532617
3.471555
2.726110
3.085839
3.561306
3.271546
3.772553
3.418657
2.755178
2.003940
2.689748
2.704369
2.684229
2.335598
2.633970
2.469450
2.994754
2.885068
2.663527
3.428845
3.516598
2.657721
3.674548
3.500204
3.425779
3.612674
3.575258
2.271811
3.189659
2.261308
2.714479
2.913435
3.269207
4.144812
3.399623
3.453126
3.793167
4.053630
3.662504
3.679722
3.267014
2.429579
2.921703
3.022472
2.260798
2.242002
2.808064
3.007845
3.119693
2.655532
1.836910
3.630671
4.199718
3.378979
3.648048
3.951422
4.078513
3.881748
3.367722
3.578401
3.603204
3.899872
3.277196
4.415054
3.384131
3.150262
4.055791
3.890503
3.860890
3.411174
2.941079
3.467160
3.658275
1.979957
2.110795
3.823475
3.932548
3.610337
3.841559
3.989910
3.711711
3.731508
3.717128
3.333497
2.578673
3.447164
3.155809
3.046026
3.498705
2.468148
2.437353
3.181245
2.692102
2.664847
3.012191
3.037894
3.043284
3.627129
3.117724
2.496163
4.128039
2.114159
2.613284
3.326200
3.089866
3.076692
3.309659
2.678141
2.957525
2.608984
2.314744
3.502061
3.627604
3.476673
3.059989
3.171372
3.695378
0.899041
1.823264
1.894242
2.294220
2.367725
2.997271
2.640689
2.142145
2.993513
2.727174
2.640198
3.285172
3.213871
2.817131
3.274593
3.802009
3.222765
2.772891
3.168412
3.354671
3.433606
2.965962
3.263514
3.180144
2.651620
2.549815
2.833414
3.752757
3.589826
2.407705
2.305622
2.158214
2.061294
3.218394
3.446294
3.233318
2.807114
2.858325
3.823384
3.669759
3.606068
3.517614
3.443906
2.548102
2.703604
3.172996
4.089042
3.851297
3.427699
3.231360
3.813906
3.245932
3.660307
3.589213
1.924712
3.530828
2.758049
2.681217
2.895572
2.920344
3.154264
2.436470
3.251962
3.669874
2.762564
2.250822
3.643467
3.310847
3.169776
3.661998
3.572129
3.467384
3.378764
3.411476
3.090510
2.846590
2.828797
3.203045
2.971928
3.090600
2.918087
2.539047
2.718183
3.457261
2.859504
3.195112
3.547739
3.195328
3.286114
3.699547
3.233615
3.805459
3.381645
3.498565
1.644321
3.024023
3.179929
3.087846
2.954946
2.822239
2.619546
2.716517
4.460448
3.773356
4.332369
3.413966
3.564449
4.273647
3.490800
3.260030
4.096966
4.226683
4.018168
3.683776
3.860979
4.140588
3.018895
2.918885
2.845838
3.076803
3.161545
3.244002
3.339588
3.028526
2.762852
3.128116
2.171216
2.321652
2.631479
2.590444
2.146046
2.877371
3.653004
2.553448
3.102519
2.708638
2.622726
2.719958
2.477587
3.220429
3.027748
1.907008
2.689767
2.889308
3.109548
2.689001
2.536813
2.544151
3.089160
3.460797
3.427380
3.436480
2.982675
3.262576
3.758391
3.324322
3.054538
2.333891
3.134191
2.798644
3.668423
3.055601
3.356421
3.232761
3.724031
3.684779
3.477356
3.356019
3.291496
3.240344
3.705423
3.498856
3.689755
3.724455
2.688485
2.840138
2.694398
3.005141
2.490410
2.576917
2.398727
2.816449
3.000461
2.916625
3.056667
4.183740
3.205736
3.035879
3.281833
3.490531
3.919749
3.628742
3.543289
1.967839
3.588389
2.789211
4.006083
2.881695
3.331940
2.684219
2.765054
2.211465
3.617648
3.024011
3.099874
2.938377
3.363048
1.885507
1.392461
3.745302
4.186223
3.621444
3.850051
3.792193
2.492034
3.076821
2.866308
2.972583
2.670697
2.585968
1.504211
2.501210
3.775820
2.512442
2.154949
3.426868
3.600047
3.213502
3.001062
3.630924
3.158745
3.426425
3.537653
3.681338
4.061440
3.272883
3.583398
3.696415
3.660809
3.371318
4.443580
3.436435
3.884643
3.732280
3.344683
3.101656
3.480638
2.910241
2.928059
2.619382
2.839599
2.803515
3.142194
3.116995
3.806255
3.246082
3.236681
2.982340
2.955563
2.334590
3.319373
3.668853
3.385882
3.572451
3.535102
3.575295
2.835675
4.140378
3.668064
3.184420
3.653236
2.957687
3.504679
3.956487
3.768384
4.065704
3.280891
4.446302
2.983659
2.847342
2.942628
3.190899
2.899878
2.657339
3.510193
3.966696
3.695639
4.472773
3.258195
4.265620
3.443599
3.169003
3.491929
3.643683
2.884903
2.577852
3.530353
2.257632
2.775698
2.728196
3.086599
2.906870
2.215096
3.143049
2.773892
3.790124
4.285039
3.543001
2.746951
2.215199
2.459124
2.995386
2.964521
3.006814
1.662317
1.778161
3.253975
3.675703
3.326779
3.987373
3.497812
2.738240
2.094655
2.414742
3.517826
2.996856
3.055720
3.003031
3.248509
3.271862
2.358350
3.559054
3.574623
3.760736
3.868446
3.579045
3.728647
3.264177
3.936031
3.733072
3.403406
3.762351
3.723441
3.322599
3.281631
3.014791
4.022529
3.164234
3.519097
2.599970
3.576041
2.853569
3.044745
3.218280
2.874349
3.282701
3.364265
3.093364
2.965187
3.652198
2.860221
2.567166
2.608003
2.736693
2.703723
3.454464
2.943281
3.219080
2.794311
2.856796
3.207636
3.428161
3.226070
2.791931
2.785789
2.569205
2.899032
3.448820
3.475729
2.157995
3.519399
3.366078
2.993391
3.518933
2.929172
3.095261
3.222148
2.123083
3.530231
3.500610
2.574113
2.572715
4.297529
3.896323
3.274184
3.053171
3.691922
3.828420
3.993228
3.073340
3.116677
4.173291
2.872737
2.505574
3.923109
3.753759
3.453352
3.674590
3.658374
2.894446
2.842030
3.011057
3.715892
3.279823
2.963161
3.493332
2.375136
2.522778
2.934641
2.269861
2.944579
2.563399
2.996305
2.933896
2.739593
3.401658
3.568393
2.039395
2.862541
3.745723
4.732957
3.902453
3.704720
2.123521
3.333388
3.766166
2.617541
3.141943
3.441130
3.075252
3.954057
3.480408
3.119718
3.305213
3.525867
2.770415
2.615578
2.767310
2.928847
1.491546
3.556824
3.457518
